// Monsters Additional Database
//
// Structure of Database :
// ID,Sprite_Name,kROName,iROName,LV,HP,SP,EXP,JEXP,Range1,ATK1,ATK2,DEF,MDEF,STR,AGI,VIT,INT,DEX,LUK,Range2,Range3,Scale,Race,Element,Mode,Speed,aDelay,aMotion,dMotion,MEXP,ExpPer,MVP1id,MVP1per,MVP2id,MVP2per,MVP3id,MVP3per,Drop1id,Drop1per,Drop2id,Drop2per,Drop3id,Drop3per,Drop4id,Drop4per,Drop5id,Drop5per,Drop6id,Drop6per,Drop7id,Drop7per,Drop8id,Drop8per,Drop9id,Drop9per,DropCardid,DropCardper

// Mechanic Fixed Autonomous Weapon Platforms
2042,SILVERSNIPER,Silver Sniper,Silver Sniper,100,4500,0,0,0,9,0,390,15,8,10,60,10,10,120,10,10,12,1,0,20,0x3394,2000,504,1020,360,0,0,0,0,0,0,0,0,0,0,0,0,0,0,0,0,0,0,0,0,0,0,0,0,0,0,0,0
2043,MAGICDECOY_FIRE,Magic Decoy Fire,Magic Decoy Fire,100,2500,0,0,0,7,0,195,3,33,10,10,10,100,60,10,10,12,1,0,23,0x3394,2000,504,1020,360,0,0,0,0,0,0,0,0,0,0,0,0,0,0,0,0,0,0,0,0,0,0,0,0,0,0,0,0
2044,MAGICDECOY_WATER,Magic Decoy Water,Magic Decoy Water,100,2500,0,0,0,7,0,195,3,33,10,10,10,100,60,10,10,12,1,0,21,0x3394,2000,504,1020,360,0,0,0,0,0,0,0,0,0,0,0,0,0,0,0,0,0,0,0,0,0,0,0,0,0,0,0,0
2045,MAGICDECOY_EARTH,Magic Decoy Earth,Magic Decoy Earth,100,2500,0,0,0,7,0,195,3,33,10,10,10,100,60,10,10,12,1,0,22,0x3394,2000,504,1020,360,0,0,0,0,0,0,0,0,0,0,0,0,0,0,0,0,0,0,0,0,0,0,0,0,0,0,0,0
2046,MAGICDECOY_WIND,Magic Decoy Wind,Magic Decoy Wind,100,2500,0,0,0,7,0,195,3,33,10,10,10,100,60,10,10,12,1,0,24,0x3394,2000,504,1020,360,0,0,0,0,0,0,0,0,0,0,0,0,0,0,0,0,0,0,0,0,0,0,0,0,0,0,0,0

// Sorcerer Elemental Spirits
2114,EL_AGNI_S,Agni,Agni,100,5000,0,0,0,1,250,250,10,10,25,25,25,25,25,25,10,12,0,0,83,0x83,200,504,1020,360,0,0,0,0,0,0,0,0,0,0,0,0,0,0,0,0,0,0,0,0,0,0,0,0,0,0,0,0
2115,EL_AGNI_M,Agni,Agni,100,7500,0,0,0,1,500,500,25,25,50,50,50,50,50,50,10,12,1,0,83,0x83,200,504,1020,360,0,0,0,0,0,0,0,0,0,0,0,0,0,0,0,0,0,0,0,0,0,0,0,0,0,0,0,0
2116,EL_AGNI_L,Agni,Agni,100,10000,0,0,0,1,1000,1000,50,50,100,100,100,100,100,100,10,12,2,0,83,0x83,200,504,1020,360,0,0,0,0,0,0,0,0,0,0,0,0,0,0,0,0,0,0,0,0,0,0,0,0,0,0,0,0
2117,EL_AQUA_S,Aqua,Aqua,100,5000,0,0,0,1,250,250,10,10,25,25,25,25,25,25,10,12,0,0,81,0x83,200,504,1020,360,0,0,0,0,0,0,0,0,0,0,0,0,0,0,0,0,0,0,0,0,0,0,0,0,0,0,0,0
2118,EL_AQUA_M,Aqua,Aqua,100,7500,0,0,0,1,500,500,25,25,50,50,50,50,50,50,10,12,1,0,81,0x83,200,504,1020,360,0,0,0,0,0,0,0,0,0,0,0,0,0,0,0,0,0,0,0,0,0,0,0,0,0,0,0,0
2119,EL_AQUA_L,Aqua,Aqua,100,10000,0,0,0,1,1000,1000,50,50,100,100,100,100,100,100,10,12,2,0,81,0x83,200,504,1020,360,0,0,0,0,0,0,0,0,0,0,0,0,0,0,0,0,0,0,0,0,0,0,0,0,0,0,0,0
2120,EL_VENTUS_S,Ventus,Ventus,100,5000,0,0,0,4,250,250,10,10,25,25,25,25,25,25,10,12,0,0,84,0x83,200,504,1020,360,0,0,0,0,0,0,0,0,0,0,0,0,0,0,0,0,0,0,0,0,0,0,0,0,0,0,0,0
2121,EL_VENTUS_M,Ventus,Ventus,100,7500,0,0,0,4,500,500,25,25,50,50,50,50,50,50,10,12,1,0,84,0x83,200,504,1020,360,0,0,0,0,0,0,0,0,0,0,0,0,0,0,0,0,0,0,0,0,0,0,0,0,0,0,0,0
2122,EL_VENTUS_L,Ventus,Ventus,100,10000,0,0,0,4,1000,1000,50,50,100,100,100,100,100,100,10,12,2,0,84,0x83,200,504,1020,360,0,0,0,0,0,0,0,0,0,0,0,0,0,0,0,0,0,0,0,0,0,0,0,0,0,0,0,0
2123,EL_TERA_S,Tera,Tera,100,5000,0,0,0,1,250,250,10,10,25,25,25,25,25,25,10,12,0,0,82,0x83,200,504,1020,360,0,0,0,0,0,0,0,0,0,0,0,0,0,0,0,0,0,0,0,0,0,0,0,0,0,0,0,0
2124,EL_TERA_M,Tera,Tera,100,7500,0,0,0,1,500,500,25,25,50,50,50,50,50,50,10,12,1,0,82,0x83,200,504,1020,360,0,0,0,0,0,0,0,0,0,0,0,0,0,0,0,0,0,0,0,0,0,0,0,0,0,0,0,0
2125,EL_TERA_L,Tera,Tera,100,10000,0,0,0,1,1000,1000,50,50,100,100,100,100,100,100,10,12,2,0,82,0x83,200,504,1020,360,0,0,0,0,0,0,0,0,0,0,0,0,0,0,0,0,0,0,0,0,0,0,0,0,0,0,0,0

//2114,EL_AGNI_S,Agni,Agni	,100,5000 ,0,0,0,1,100,100,0,0,10,10,10,10,10,10,10,12,0,0,83,0x83,200,504,1020,360,0,0,0,0,0,0,0,0,0,0,0,0,0,0,0,0,0,0,0,0,0,0,0,0,0,0,0,0
//2115,EL_AGNI_M,Agni,Agni	,100,7500 ,0,0,0,1,100,100,0,0,10,10,10,10,10,10,10,12,1,0,83,0x83,200,504,1020,360,0,0,0,0,0,0,0,0,0,0,0,0,0,0,0,0,0,0,0,0,0,0,0,0,0,0,0,0
//2116,EL_AGNI_L,Agni,Agni	,100,10000,0,0,0,1,100,100,0,0,10,10,10,10,10,10,10,12,2,0,83,0x83,200,504,1020,360,0,0,0,0,0,0,0,0,0,0,0,0,0,0,0,0,0,0,0,0,0,0,0,0,0,0,0,0
//2117,EL_AQUA_S,Aqua,Aqua	,100,5000 ,0,0,0,1,100,100,0,0,10,10,10,10,10,10,10,12,0,0,81,0x83,200,504,1020,360,0,0,0,0,0,0,0,0,0,0,0,0,0,0,0,0,0,0,0,0,0,0,0,0,0,0,0,0
//2118,EL_AQUA_M,Aqua,Aqua	,100,7500 ,0,0,0,1,100,100,0,0,10,10,10,10,10,10,10,12,1,0,81,0x83,200,504,1020,360,0,0,0,0,0,0,0,0,0,0,0,0,0,0,0,0,0,0,0,0,0,0,0,0,0,0,0,0
//2119,EL_AQUA_L,Aqua,Aqua	,100,10000,0,0,0,1,100,100,0,0,10,10,10,10,10,10,10,12,2,0,81,0x83,200,504,1020,360,0,0,0,0,0,0,0,0,0,0,0,0,0,0,0,0,0,0,0,0,0,0,0,0,0,0,0,0
//2120,EL_VENTUS_S,Ventus,Ventus,100,5000 ,0,0,0,4,100,100,0,0,10,10,10,10,10,10,10,12,0,0,84,0x83,200,504,1020,360,0,0,0,0,0,0,0,0,0,0,0,0,0,0,0,0,0,0,0,0,0,0,0,0,0,0,0,0
//2121,EL_VENTUS_M,Ventus,Ventus,100,7500 ,0,0,0,4,100,100,0,0,10,10,10,10,10,10,10,12,1,0,84,0x83,200,504,1020,360,0,0,0,0,0,0,0,0,0,0,0,0,0,0,0,0,0,0,0,0,0,0,0,0,0,0,0,0
//2122,EL_VENTUS_L,Ventus,Ventus,100,10000,0,0,0,4,100,100,0,0,10,10,10,10,10,10,10,12,2,0,84,0x83,200,504,1020,360,0,0,0,0,0,0,0,0,0,0,0,0,0,0,0,0,0,0,0,0,0,0,0,0,0,0,0,0
//2123,EL_TERA_S,Tera,Tera	,100,5000 ,0,0,0,1,100,100,0,0,10,10,10,10,10,10,10,12,0,0,82,0x83,200,504,1020,360,0,0,0,0,0,0,0,0,0,0,0,0,0,0,0,0,0,0,0,0,0,0,0,0,0,0,0,0
//2124,EL_TERA_M,Tera,Tera	,100,7500 ,0,0,0,1,100,100,0,0,10,10,10,10,10,10,10,12,1,0,82,0x83,200,504,1020,360,0,0,0,0,0,0,0,0,0,0,0,0,0,0,0,0,0,0,0,0,0,0,0,0,0,0,0,0
//2125,EL_TERA_L,Tera,Tera	,100,10000,0,0,0,1,100,100,0,0,10,10,10,10,10,10,10,12,2,0,82,0x83,200,504,1020,360,0,0,0,0,0,0,0,0,0,0,0,0,0,0,0,0,0,0,0,0,0,0,0,0,0,0,0,0

// Summon Legion Insects
2158,S_HORNET,Hornet,Hornet,95,5000,0,0,0,1,113,381,1,0,62,54,54,65,76,55,10,12,0,4,24,0x1189,150,1292,792,216,0,0,0,0,0,0,0,0,0,0,0,0,0,0,0,0,0,0,0,0,0,0,0,0,0,0,0,0
2159,S_GIANT_HORNET,Giant Hornet,Giant Hornet,110,11960,0,0,0,1,123,456,15,27,117,65,67,72,77,34,10,12,0,4,24,0x3795,155,1292,792,340,0,0,0,0,0,0,0,0,0,0,0,0,0,0,0,0,0,0,0,0,0,0,0,0,0,0,0,0
2160,S_LUCIOLA_VESPA,Luciola Vespa,Luciola Vespa,130,16466,0,0,0,1,154,677,11,31,88,89,55,32,119,59,10,12,1,4,24,0x7795,110,1000,864,432,0,0,0,0,0,0,0,0,0,0,0,0,0,0,0,0,0,0,0,0,0,0,0,0,0,0,0,0

// Kagerou/Oboro Zanzou - Settings Are Not Official.
2308,KO_KAGE,Shadow Clone,Shadow Clone,100,18000,0,0,0,1,0,0,0,0,1,1,1,1,1,1,10,12,1,0,27,0x0,150,1003,1152,336,0,0,0,0,0,0,0,0,0,0,0,0,0,0,0,0,0,0,0,0,0,0,0,0,0,0,0,0

// Charge Shout Flag - Temp Values Until We Know The Official Ones
20269,GUILD_SKILL_FLAG,Guild Skill Flag,Guild Skill Flag,90,30,0,0,0,1,0,0,0,0,1,17,1,80,126,20,10,12,2,0,20,0x120,300,1288,288,384,0,0,0,0,0,0,0,0,0,0,0,0,0,0,0,0,0,0,0,0,0,0,0,0,0,0,0,0
